 2 2 1 10 -1
  2 2 1 10 -1
  3 1 -1 6 1 8 -1
  2 3 -1 11 -1
  1 3 1
  1 10 -1
  1 5 -1
  1 9 -1
  1 1 1
  1 1 1
  1 8 -1
  1 19 1
  1 9 1
  1 4 1
  1 1 1
  1 9 -1
  1 7 1
  1 15 -1
  3 2 -1 21 1 22 -1
  1 20 -1
  1 8 1
  1 35 -1
  1 33 1
  1 8 -1
  1 4 -1
  2 9 -1 12 -1
  1 1 -1
  1 2 1
  1 1 1
  1 7 -1
  1 1 1
  1 1 -1
  2 1 1 5 1
  1 10 1
  2 2 -1 7 -1
  2 3 -1 7 -1
  2 1 -1 6 -1
  1 22 -1
  1 3 -1
  1 3 1
  1 3 1
  1 6 1
  1 4 1
  1 3 -1
  1 3 -1
  2 12 -1 14 -1
  2 4 1 7 1
  1 4 1
  1 1 1
  1 5 -1
  1 5 -1
  1 5 -1
  1 13 1
  1 10 -1
  1 13 1
  1 13 -1
  1 6 -1
  1 17 -1
  1 5 -1
  1 8 -1
  2 10 1 26 -1
  1 49 1
  1 16 -1
  2 11 -1 13 -1
  2 24 -1 25 -1
  1 11 -1
  1 3 -1
  1 10 -1
  1 1 1
  2 8 -1 19 -1
  1 1 -1
  1 7 -1
  1 9 1
  1 13 -1
  1 8 1
  4 8 1 10 -1 11 1 13 -1
  1 7 -1
  2 1 -1 7 -1
  2 10 1 12 -1
  1 4 1
  1 3 -1
  1 10 1
  1 34 -1
  1 9 -1
  2 3 -1 12 -1
  2 1 -1 8 -1
  1 9 -1
  2 4 1 8 1
  1 13 1
  1 3 1
  1 5 1
  1 4 -1
  1 6 -1
  2 10 -1 33 -1
  2 8 1 9 -1
  1 12 -1
  1 18 1
  1 12 -1
  1 3 -1
  1 23 -1
  3 3 1 29 -1 36 -1
  1 19 1
  1 13 -1
  1 18 -1
  1 8 -1
  2 6 -1 30 -1
  2 27 1 41 -1
  2 22 1 23 -1
  2 2 1 9 -1
  1 10 -1
  1 27 -1
  1 6 -1
  1 3 -1
  1 14 -1
  1 3 -1
  1 6 -1
  2 15 1 16 -1
  2 13 1 14 -1
  4 1 -1 5 1 9 -1 13 -1
  1 16 1
  1 4 1
  1 19 -1
  1 5 -1
  1 5 -1
  2 1 1 7 1
  1 15 -1
  2 3 1 23 1
  1 20 -1
  1 4 1
  1 4 -1
  1 7 -1
  1 4 -1
  1 13 -1
  1 16 -1
  1 3 -1
  1 14 -1
  2 3 -1 6 -1
  2 12 -1 13 -1
  1 4 1
  1 17 1
  2 8 1 10 1
  1 5 1
  1 3 -1
  1 3 -1
  2 11 1 17 -1
  1 3 -1
  1 9 -1
  1 4 -1
  1 6 -1
  1 9 -1
  2 16 1 17 -1
  1 1 1
  1 25 1
  1 1 1
  1 10 -1
  4 2 1 13 1 15 -1 23 -1
  1 7 -1
  1 22 -1
  2 2 -1 18 -1
  2 12 1 13 -1
  1 5 -1
  1 1 -2
  1 5 -1
  1 9 -1
  1 2 1
  2 7 -1 21 -1
  2 3 1 4 1
  1 3 -1
  1 11 -1
  1 14 -1
  1 3 1
  1 8 -1
  1 8 -1
  1 23 1
  2 16 1 18 -1
  4 4 1 5 1 11 -1 12 -1
  1 12 1
  1 7 1
  4 5 1 6 1 13 -1 14 -1
  1 9 -1
  1 13 -1
  4 1 -1 8 -1 19 -1 31 -1
  2 23 -1 27 -1
  1 21 1
  1 33 -1
  2 22 1 28 -1
  1 18 1
  1 10 -1
  1 20 -1
  1 11 1
  1 35 1
  3 6 -1 16 1 23 -1
  1 13 -1
  1 12 -1
  1 48 -1
  2 13 1 15 -1
  1 24 -1
  1 15 -1
  2 13 1 14 -1
  1 15 -1
  1 5 -1
  1 13 -1
  1 15 -1
  1 6 -1
  2 18 -1 19 1
  1 22 -1
  1 3 1
  4 12 -1 30 -1 39 1 50 -1
  1 3 1
  2 31 -1 32 -1
  1 7 -1
  1 1 1
  1 1 1
  1 20 1
  1 26 1
  1 14 1
  1 8 -1
  1 15 1
  1 8 1
  1 16 -1
  2 14 -1 28 -1
  2 1 1 2 -1
  2 21 -1 42 -1
  1 23 1
  1 24 1
  3 1 -1 2 1 3 -1
  1 3 -1
  2 7 1 8 1
  1 6 -1
  2 14 -1 25 -1
  1 11 -1
  1 4 -1
  1 10 1
  1 24 -1
  4 19 1 20 -1 22 1 23 -1
  1 15 1
  1 11 1
  1 7 -1
  2 10 1 12 -1
  1 5 -1
  1 1 1
  1 5 -1
  1 14 -1
  1 1 1
  2 15 1 16 -1
  1 2 -1
  1 9 -1
  2 1 1 4 -1
  3 4 1 5 -1 15 1
  1 12 -1
  1 8 -1
  2 1 1 2 1
  2 12 -1 36 -1
  1 4 -1
  1 11 -1
  1 10 -1
  1 12 -1
  4 4 1 5 1 10 -1 11 -1
  4 4 1 5 1 10 -1 11 -1
  1 34 1
  1 2 -1
  1 16 1
  1 10 -1
  1 22 1
  1 3 -1
  1 8 1
  2 13 -1 17 -1
  1 7 -1
  1 8 -1
  1 11 -1
  1 4 -1
  3 1 1 7 -1 8 -1
  1 10 -1
  4 15 1 26 -1 48 -1 51 -1
  2 4 1 9 1
  1 9 -1
  1 3 -1
  1 22 1
  4 4 1 5 1 10 -1 11 -1
  1 12 -1
  2 10 1 11 -1
  1 7 1
  1 12 -1
  1 12 -1
  2 1 1 11 -1
  1 1 1
  1 8 -1
  1 19 -1
  1 11 -1
  1 45 -1
  1 28 1
  1 32 -1
  1 1 1
  1 9 -1
  2 14 1 15 -1
  2 10 -1 24 -1
  1 15 1
  1 4 -1
  2 15 1 30 -1
  1 5 1
  1 20 -1
  1 17 -1
  1 1 1
  1 12 -1
  1 12 -1
  1 4 -1
  1 11 -1
  1 9 -1
  1 12 -1
  2 5 -1 12 -1
  1 29 -1
  1 2 -1
  1 7 1
  3 1 -1 22 1 24 -1
  3 10 -1 19 1 21 -1
  1 1 -1
  1 6 -1
  1 12 -1
  1 8 1
  2 4 -1 5 -1
  1 9 1
  1 1 -1
  1 5 -1
  5 1 -1 8 1 10 -1 11 1 13 -1
  1 4 1
  1 9 1
  3 8 -1 9 -1 12 -1
  1 8 -1
  1 10 -1
  1 12 -1
  1 3 -1
  2 1 -1 2 1
  1 7 -1
  1 1 1
  2 2 1 9 -1
  4 1 -1 2 1 10 1 12 -1
  1 13 1
  1 13 -1
  1 9 -1
  1 5 -1
  5 1 -1 7 1 8 -1 12 1 13 -1
  1 25 -1
  1 1 1
  1 3 -1
  2 29 -1 30 -1
  1 2 1
  1 8 1
  1 14 -1
  4 4 1 5 1 11 -1 12 -1
  1 14 -1
  1 5 -1
  1 4 -1
  1 2 -1
  1 5 1
  2 10 1 12 -1
  4 9 1 10 1 11 1 12 1
  1 3 1
  1 17 1
  1 1 -1
  1 19 -1
  2 11 1 14 -1
  1 8 -1
  1 9 -1
  1 5 1
  1 1 -1
  1 24 -1
  1 11 -1
  2 29 -1 32 -1
  2 29 -1 30 -1
  1 2 -1
  1 1 -1
  2 2 1 14 -1
  2 6 -1 23 -1
  4 8 1 9 -1 11 1 12 -1
  1 7 -1
  3 18 1 22 -1 23 -1
  4 8 1 10 -1 11 1 13 -1
  1 9 -1
  1 9 -1
  3 6 -1 16 1 23 -1
  1 1 1
  3 1 -1 10 1 12 -1
  1 5 -1
  1 3 -1
  4 16 1 17 -1 19 1 20 -1
  1 9 -1
  1 9 -1
  1 9 -1
  2 13 -1 29 -1
  2 6 1 14 -1
  1 6 -1
  2 2 1 7 1
  1 4 -1
  2 49 -1 53 -1
  2 14 -1 18 -1
  1 3 -1
  1 13 -1
  1 9 -1
  1 1 -1
  1 2 1
  2 22 -1 28 -1
  3 14 1 19 1 20 -1
  2 15 1 17 -1
  1 9 -1
  1 5 -1
  1 1 1
  1 13 1
  1 12 -1
  1 3 -1
  1 9 -1
  2 20 1 21 -1
  1 11 1
  1 2 1
  2 6 -1 8 -1
  1 15 -1
  1 5 -1
  1 2 -1
  1 2 1
  3 1 -1 11 -1 12 1
  1 14 1
  2 2 1 15 -1
  1 9 1
  1 1 1
  2 9 1 10 -1
  1 9 1
  1 12 -1
  1 1 1
  1 5 1
  1 6 -1
  1 5 -1
  2 4 -1 5 -1
  2 3 1 7 -1
  1 24 -1
  2 22 1 23 -1
  3 1 1 2 -1 4 -1
  1 3 -1
  1 2 -1
  2 5 -1 6 -1
  1 1 1
  3 6 -1 10 -1 13 -1
  8 1 1 2 1 3 1 4 1 6 -1 7 -1 8 -1 9 -1
  1 5 1
  1 3 -1
  2 2 1 5 -1
  1 12 -1
  1 1 -1
  3 6 -1 16 1 23 -1
  5 7 -1 16 1 17 -1 19 1 20 -1
  2 9 -1 18 -1
  2 4 -1 16 -1
  4 7 1 11 -1 23 -1 27 -1
  1 15 -1
  1 5 -1
  1 17 -1
  1 13 -1
  1 16 -1
  1 9 -1
  1 1 1
  1 23 -1
  2 7 1 21 -1
  1 5 -1
  1 10 -1
  3 2 -1 8 1 9 -1
  3 7 -1 8 1 9 -1
  1 29 1
  2 12 1 14 -1
  1 9 -1
  1 9 -1
  2 9 1 10 -1
  1 5 -1
  1 6 -1
  1 15 -1
  1 9 1
  2 10 -1 23 -1
  2 13 -1 25 -1
  1 19 -1
  1 1 -1
  2 9 -1 10 -1
  2 5 -1 8 -1
  2 14 1 16 -1
  1 1 -1
  1 1 -1
  3 1 -1 10 1 11 -1
  2 1 1 3 -1
  2 1 1 3 -1
  3 1 -1 4 1 5 -1
  5 1 -1 12 1 14 -1 15 1 17 -1
  2 8 1 9 -1
  4 2 -1 9 1 13 1 17 1
  1 8 1
  1 4 1
  2 3 1 6 1
  1 11 1
  1 10 -1
  1 14 -1
  1 10 -1
  1 3 -1
  1 6 -1
  1 5 -1
  1 14 -1
  1 10 -1
  1 13 -1
  4 8 1 10 -1 11 1 13 -1
  1 1 -1
  1 25 -1
  2 10 1 11 -1
  1 4 -1
  2 2 1 9 -1
  2 5 1 7 -1
  2 2 1 12 -1
  2 9 1 10 -1
  2 1 1 3 -1
  2 2 1 11 -1
  2 2 1 12 -1
  4 7 1 8 -1 10 1 11 -1
  1 3 -1
  1 4 -1
  2 8 1 10 -1
  1 1 1
  1 15 -1
  1 22 -1
  1 9 1
  1 3 1
  1 18 1
  1 5 1
  1 13 1
  1 16 -1
  2 11 -1 19 1
  1 1 -1
  1 6 1
  1 15 1
  1 29 -1
  1 47 1
  2 3 1 7 1
  1 17 1
  1 1 1
  1 14 1
  1 14 1
  2 11 -1 17 1
  1 15 1
  1 23 1
  1 18 1
  1 25 1
  2 23 1 24 -1
  2 9 1 25 1
  1 1 -1
  1 1 -1
  1 9 -1
